     1     19921125132100     6.12   114.13    28.72   0.02876   0.00008     0.00     0.28     0.00    19.00     1.05     0.75 
     2     19921125141200     5.52   101.88    28.71   0.02196   0.00007     0.00     0.29     0.00    19.00     1.18     0.73 
     3     19921125150300     4.98   102.83    28.71   0.02394   0.00007     0.00     0.29     0.00    19.00     1.14     0.72 
     4     19921125155500     5.22   112.72    28.69   0.02858   0.00008     0.00     0.31     0.00    19.00     1.05     0.74 
     5     19921125164600     4.84    99.01    28.66   0.01805   0.00007     0.00     0.34     0.00    19.00     1.26     0.71 
     6     19921125173800     9.58   123.09    28.70   0.03449   0.00010     0.00     0.30     0.00    19.00     0.97     0.82 
     7     19921125182900     4.65    68.77    28.69   0.00895   0.00005     0.00     0.31     0.00    19.00     1.60     0.66 
     8     19921125192000     3.94    94.72    28.71   0.01876   0.00006     0.00     0.29     0.00    19.00     1.26     0.69 
     9     19921125201200     4.13   114.46    28.73   0.02959   0.00008     0.00     0.27     0.00    19.00     1.04     0.72 
    10     19921125210500     4.81    88.61    28.74   0.01974   0.00006     0.00     0.26     0.00    19.00     1.24     0.69 
    11     19921125221900     5.34   114.36    28.82   0.02744   0.00008     0.00     0.28     0.12     3.72     1.08     0.74 
    12     19921125232700     5.95   120.57    28.94   0.03510   0.00008     0.00     0.27     0.20     5.33     0.97     0.76 
    13     19921126001900     5.28   107.56    29.04   0.02508   0.00008     0.00     0.27     0.24     6.76     1.12     0.73 
    14     19921126011000     5.05    93.04    29.06   0.02075   0.00007     0.00     0.24     0.29     7.32     1.22     0.71 
    15     19921126022200     4.11   121.82    29.23   0.02963   0.00008     0.00     0.27     0.38     7.72     1.04     0.73 
    16     19921126031300     4.78   118.56    29.22   0.02971   0.00008     0.00     0.28     0.39     8.56     1.04     0.74 
    17     19921126041600     4.44   107.08    29.33   0.02384   0.00007     0.00     0.28     0.37     9.84     1.14     0.72 
    18     19921126050700     3.21    96.87    29.24   0.02454   0.00006     0.00     0.26     0.35    10.76     1.13     0.68 
    19     19921126055900     2.44    92.62    29.03   0.02434   0.00006     0.00     0.28     0.31    11.99     1.13     0.65 
    20     19921126065500     2.05   101.15    28.98   0.02133   0.00006     0.00     0.32     0.25    13.60     1.19     0.66 
    21     19921126074700     1.33    98.60    28.87   0.01925   0.00006     0.00     0.33     0.21    15.17     1.23     0.64 
    22     19921126083800     1.58    83.96    28.96   0.01331   0.00005     0.00     0.34     0.18    16.70     1.41     0.61 
    23     19921126093000     0.93    62.09    28.99   0.00680   0.00004     0.00     0.31     0.15    17.98     1.73     0.55 
    24     19921126102100     1.09    56.29    28.96   0.00533   0.00003     0.00     0.34     0.14    18.95     1.80     0.54 
    25     19921126111200     1.55    57.38    28.98   0.00540   0.00004     0.00     0.32     0.12    19.00     1.82     0.56 
    26     19921126120800     1.37    66.54    28.87   0.00852   0.00004     0.00     0.33     0.11    19.00     1.62     0.57 
    27     19921126130000     2.49    77.38    28.96   0.01194   0.00005     0.00     0.34     0.09    19.00     1.45     0.62 
    28     19921126145300     3.33    64.34    28.87   0.00995   0.00005     0.00     0.33     0.00    19.00     1.55     0.62 
    29     19921126154500     4.10    71.19    28.87   0.01211   0.00005     0.00     0.33     0.00    19.00     1.46     0.65 
    30     19921126163600     4.24    74.45    28.88   0.01287   0.00005     0.00     0.32     0.00    19.00     1.43     0.66 
    31     19921126172700     2.70    63.32    28.77   0.00867   0.00004     0.00     0.33     0.00    19.00     1.61     0.60 
    32     19921126181900     2.18    53.27    28.75   0.00543   0.00004     0.00     0.35     0.00    19.00     1.79     0.57 
    33     19921126191000     2.17    40.63    28.86   0.00234   0.00003     0.00     0.34     0.00    19.00     2.03     0.53 
    34     19921126200100     1.69    33.55    28.89   0.00145   0.00002     0.00     0.31     0.00    19.00     2.16     0.50 
    35     19921126213400     1.75    34.58    29.05   0.00122   0.00002     0.00     0.25     0.00    19.00     2.30     0.50 
    36     19921126222600     6.13    61.77    28.94   0.00683   0.00005     0.00     0.26     0.00    19.00     1.77     0.68 
    37     19921126231700    38.52   176.00    28.95   0.09196   0.00021    20.72     0.25     0.00    19.00     0.62     1.15 
    38     19921127000900    28.99   166.06    29.01   0.06217   0.00018     0.00     0.29     0.00    19.00     0.74     1.06 
    39     19921127010000    18.75   153.73    29.00   0.04648   0.00014     0.00     0.30     0.00    19.00     0.85     0.96 
    40     19921127015100    14.75   131.58    29.00   0.03148   0.00012     0.00     0.30     0.00    19.00     1.01     0.90 
    41     19921127024300    12.53   122.17    28.90   0.02749   0.00010     0.00     0.30     0.00    19.00     1.07     0.86 
    42     19921127033400    15.74   128.88    28.92   0.03685   0.00012     0.00     0.28     0.00    19.00     0.95     0.90 
    43     19921127042500    34.62   154.73    28.84   0.06883   0.00018    39.92     0.26     0.00    19.00     0.71     1.10 
    44     19921127051700    31.82   149.79    28.80   0.04670   0.00017     7.41     0.30     0.00    19.00     0.85     1.08 
    45     19921127060800    55.16   226.13    28.84   0.15300   0.00028     6.99     0.26     0.00    19.00     0.48     1.28 
    46     19921127070000    30.66   138.45    28.78   0.03891   0.00016     0.00     0.32     0.00    19.00     0.92     1.06 
    47     19921127075100    17.90   129.07    28.74   0.02599   0.00012     0.00     0.36     0.00    19.00     1.08     0.93 
    48     19921127084200    11.86   122.73    28.72   0.01917   0.00010     0.00     0.38     0.00    19.00     1.21     0.85 
    49     19921127093400     7.72   112.48    28.71   0.01519   0.00008     0.00     0.39     0.00    19.00     1.32     0.78 
    50     19921127102500     6.19   121.56    28.63   0.02034   0.00009     0.00     0.37     0.00    19.00     1.19     0.77 
    51     19921127113200     7.71   132.75    28.68   0.03299   0.00010     0.00     0.32     0.00    19.00     0.99     0.80 
    52     19921127122600     8.08   141.88    28.71   0.04612   0.00010     0.00     0.29     0.00    19.00     0.85     0.82 
    53     19921127134800     7.67   107.00    28.70   0.03137   0.00008     0.00     0.30     0.00    19.00     1.01     0.77 
    54     19921127143900     7.30   109.62    28.71   0.03523   0.00008     0.00     0.29     0.00    19.00     0.97     0.77 
    55     19921127160400     6.72   124.07    28.71   0.03808   0.00009     0.00     0.29     0.00    19.00     0.93     0.78 
    56     19921127170000     5.68   106.50    28.69   0.02518   0.00008     0.00     0.31     0.00    19.00     1.11     0.74 
    57     19921127175200     4.99    95.14    28.68   0.01893   0.00007     0.00     0.32     0.00    19.00     1.24     0.71 
    58     19921127184300     4.13    82.11    28.65   0.01295   0.00006     0.00     0.35     0.00    19.00     1.41     0.67 
    59     19921127193500     2.99    76.12    28.67   0.01133   0.00005     0.00     0.33     0.00    19.00     1.49     0.63 
    60     19921127202600     2.46    60.08    28.68   0.00646   0.00004     0.00     0.32     0.00    19.00     1.75     0.59 
    61     19921127211700     3.13    58.88    28.80   0.00556   0.00004     0.00     0.31     0.11     1.38     1.82     0.60 
    62     19921127220900     3.65    56.50    28.92   0.00428   0.00004     0.00     0.29     0.30     1.52     1.93     0.61 
    63     19921127230000     5.69    57.58    29.26   0.00364   0.00005     0.00     0.26     0.59     1.49     2.02     0.66 
    64     19921127235200     7.11    61.05    29.85   0.00266   0.00005     0.00     0.29     0.93     1.46     2.04     0.70 
    65     19921128004300     8.98    69.39    30.33   0.00275   0.00006     0.00     0.31     1.31     1.41     1.98     0.75 
    66     19921128022100     9.95    81.76    30.53   0.00433   0.00007     0.00     0.34     1.90     1.43     1.82     0.78 
    67     19921128042600     6.91    73.85    30.69   0.00303   0.00006     0.00     0.37     1.88     1.77     1.88     0.71 
    68     19921128043600     5.96    77.39    30.66   0.00335   0.00006     0.00     0.40     1.88     1.79     1.83     0.70 
    69     19921128052800     3.36    56.92    30.37   0.00161   0.00004     0.00     0.38     1.72     1.95     1.98     0.61 
    70     19921128061900     2.74    49.22    30.26   0.00108   0.00004     0.00     0.38     1.57     2.08     2.02     0.57 
    71     19921128075200     2.91    56.85    29.84   0.00277   0.00004     0.00     0.38     1.24     2.37     1.91     0.60 
    72     19921128084300     2.39    50.48    29.75   0.00209   0.00004     0.00     0.37     1.07     2.59     1.98     0.57 
    73     19921128093500     4.13    79.36    29.45   0.00955   0.00006     0.00     0.37     0.92     2.80     1.54     0.67 
    74     19921128102600     1.79    62.94    29.16   0.00502   0.00004     0.00     0.35     0.69     3.46     1.81     0.58 
    75     19921128111800     1.28    46.78    29.26   0.00201   0.00003     0.00     0.35     0.57     3.89     2.03     0.52 
    76     19921128120900     3.92    67.13    28.98   0.01069   0.00005     0.00     0.33     0.49     4.17     1.51     0.64 
    77     19921128130100     4.07    63.35    29.14   0.00716   0.00005     0.00     0.36     0.36     5.07     1.67     0.64 
    78     19921128135200     2.59    53.02    29.03   0.00419   0.00004     0.00     0.37     0.00    19.00     1.85     0.58 
    79     19921128144400     2.40    49.85    29.03   0.00340   0.00003     0.00     0.37     0.00    19.00     1.90     0.56 
    80     19921128153500     2.13    58.16    28.84   0.00547   0.00004     0.00     0.36     0.00    19.00     1.77     0.58 
    81     19921128162600     2.36    63.68    28.74   0.00699   0.00004     0.00     0.36     0.00    19.00     1.68     0.59 
    82     19921128171800     2.44    62.46    28.75   0.00751   0.00004     0.00     0.35     0.00    19.00     1.66     0.59 
    83     19921128180900     1.82    53.39    28.66   0.00540   0.00003     0.00     0.34     0.00    19.00     1.80     0.55 
    84     19921128190100     2.45    64.62    28.75   0.00753   0.00004     0.00     0.35     0.00    19.00     1.66     0.60 
    85     19921128195200     2.01    61.32    28.76   0.00693   0.00004     0.00     0.34     0.00    19.00     1.70     0.58 
    86     19921128204400     2.01    55.31    28.86   0.00416   0.00004     0.00     0.34     0.00    19.00     1.88     0.57 
    87     19921128213500     3.20    65.35    29.11   0.00561   0.00005     0.00     0.29     0.00    19.00     1.82     0.62 
    88     19921128222600     6.28    50.71    29.36   0.00292   0.00005     0.00     0.25     0.24     0.98     2.09     0.67 
    89     19921128231800     6.83    52.46    29.69   0.00262   0.00005     0.00     0.24     0.58     0.97     2.13     0.68 
    90     19921129000900     7.50    49.68    30.21   0.00099   0.00005     0.00     0.25     1.06     0.94     2.25     0.69 
    91     19921129010100    11.51   100.17    30.24   0.01032   0.00009     0.00     0.33     1.29     0.99     1.51     0.82 
    92     19921129015200     9.44    92.93    29.81   0.00950   0.00008     0.00     0.32     1.04     1.56     1.56     0.78 
    93     19921129024400     7.01    77.60    30.20   0.00503   0.00006     0.00     0.32     0.87     2.08     1.81     0.72 
    94     19921129033500     5.56    84.95    29.99   0.00688   0.00006     0.00     0.34     0.98     2.20     1.68     0.70 
    95     19921129042600     4.49    91.42    29.96   0.00847   0.00006     0.00     0.36     0.95     2.48     1.59     0.69 
    96     19921129051800     3.32    77.78    29.78   0.00666   0.00005     0.00     0.33     0.77     2.99     1.71     0.65 
    97     19921129060900     4.78    61.73    29.61   0.00440   0.00005     0.00     0.29     0.62     3.48     1.90     0.65 
    98     19921129070100    19.23   124.12    29.66   0.01985   0.00012    31.10     0.35     0.52     3.86     1.20     0.94 
    99     19921129075200    15.71    87.41    29.14   0.00757   0.00009    33.05     0.36     0.31     5.52     1.62     0.87 
   100     19921129091700     8.57    87.48    29.38   0.00768   0.00007     0.00     0.42     0.16     7.50     1.59     0.76 
   101     19921129100800     6.42   101.00    29.34   0.01738   0.00007     0.00     0.36     0.11     9.05     1.27     0.74 
   102     19921129110000     3.71    80.46    29.06   0.01359   0.00006     0.00     0.34     0.06    12.43     1.39     0.66 
   103     19921129115500     2.62    66.11    28.95   0.00868   0.00004     0.00     0.35     0.03    17.07     1.60     0.61 
   104     19921129124700     2.69    66.33    28.85   0.00928   0.00004     0.00     0.35     0.01    19.00     1.57     0.61 
   105     19921129133800     3.08    60.48    28.94   0.00653   0.00004     0.00     0.36     0.00    19.00     1.70     0.61 
   106     19921129142900     3.88    64.20    29.12   0.00664   0.00005     0.00     0.38     0.00    19.00     1.68     0.63 
   107     19921129153100     5.17    74.39    29.32   0.00844   0.00006     0.00     0.38     0.00    19.00     1.58     0.68 
   108     19921129163800     5.59    87.53    29.23   0.01244   0.00006     0.00     0.37     0.00    19.00     1.42     0.71 
   109     19921129173000     6.24    91.56    29.16   0.01560   0.00007     0.00     0.34     0.00    19.00     1.33     0.73 
   110     19921129182100     4.74    85.22    29.06   0.01304   0.00006     0.00     0.34     0.00    19.00     1.41     0.69 
   111     19921129191300     4.00    78.83    28.96   0.01148   0.00006     0.00     0.34     0.00    19.00     1.48     0.66 
   112     19921129200400     5.56    85.10    28.99   0.01389   0.00006     0.00     0.31     0.00    19.00     1.39     0.70 
   113     19921129205500     3.54    79.67    28.97   0.01142   0.00005     0.00     0.33     0.00    19.00     1.48     0.65 
   114     19921129214700     4.08    72.71    29.09   0.00831   0.00005     0.00     0.32     0.11     2.05     1.63     0.65 
   115     19921129223800     5.56    77.84    29.30   0.00849   0.00006     0.00     0.31     0.28     2.17     1.62     0.69 
   116     19921129233000     7.10    84.15    29.50   0.00866   0.00007     0.00     0.31     0.47     2.31     1.61     0.73 
