     1     19921125132100     7.18   118.61    28.86   0.02898   0.00009     0.00     0.29     0.00    19.00     1.05     0.78 
     2     19921125141200     6.48   106.03    28.85   0.02215   0.00008     0.00     0.30     0.00    19.00     1.17     0.75 
     3     19921125150300     5.96   107.09    28.85   0.02414   0.00008     0.00     0.30     0.00    19.00     1.13     0.74 
     4     19921125155500     6.26   117.22    28.83   0.02881   0.00008     0.00     0.32     0.00    19.00     1.05     0.76 
     5     19921125164600     5.79   103.27    28.81   0.01823   0.00007     0.00     0.35     0.00    19.00     1.25     0.73 
     6     19921125173800    10.81   128.07    28.85   0.03473   0.00010     0.00     0.31     0.00    19.00     0.97     0.84 
     7     19921125182900     5.39    72.00    28.84   0.00905   0.00006     0.00     0.32     0.00    19.00     1.59     0.68 
     8     19921125192000     4.82    98.75    28.85   0.01894   0.00007     0.00     0.30     0.00    19.00     1.25     0.71 
     9     19921125201200     5.10   118.72    28.86   0.02982   0.00008     0.00     0.28     0.00    19.00     1.04     0.74 
    10     19921125210500     5.60    92.08    28.86   0.01990   0.00007     0.00     0.27     0.00    19.00     1.23     0.72 
    11     19921125221900     6.37   118.83    28.96   0.02766   0.00008     0.00     0.29     0.11     3.79     1.07     0.76 
    12     19921125232700     6.96   124.89    29.06   0.03534   0.00009     0.00     0.27     0.20     5.42     0.96     0.78 
    13     19921126001900     5.94   110.49    29.13   0.02522   0.00008     0.00     0.27     0.23     6.87     1.12     0.75 
    14     19921126011000     6.29    98.51    29.24   0.02100   0.00007     0.00     0.26     0.29     7.43     1.21     0.74 
    15     19921126022200     4.36   122.95    29.26   0.02969   0.00008     0.00     0.28     0.37     7.87     1.04     0.74 
    16     19921126031300     6.04   124.21    29.39   0.03000   0.00009     0.00     0.29     0.38     8.69     1.03     0.77 
    17     19921126041600     5.76   113.06    29.52   0.02412   0.00008     0.00     0.29     0.36    10.00     1.13     0.75 
    18     19921126050700     4.97   104.88    29.49   0.02496   0.00007     0.00     0.28     0.34    10.93     1.12     0.72 
    19     19921126055900     4.64   102.60    29.35   0.02488   0.00007     0.00     0.30     0.30    12.21     1.12     0.71 
    20     19921126065500     3.09   106.11    29.14   0.02157   0.00007     0.00     0.33     0.24    13.94     1.18     0.69 
    21     19921126074700     2.74   105.60    29.10   0.01959   0.00007     0.00     0.34     0.20    15.58     1.22     0.68 
    22     19921126083800     2.11    86.63    29.06   0.01342   0.00005     0.00     0.35     0.16    17.26     1.40     0.63 
    23     19921126093000     1.43    64.79    29.11   0.00688   0.00004     0.00     0.32     0.14    18.62     1.72     0.57 
    24     19921126102100     1.75    59.77    29.14   0.00543   0.00004     0.00     0.35     0.12    19.00     1.78     0.57 
    25     19921126111200     2.10    60.21    29.13   0.00548   0.00004     0.00     0.33     0.11    19.00     1.80     0.58 
    26     19921126120800     2.42    71.84    29.11   0.00870   0.00005     0.00     0.34     0.10    19.00     1.60     0.61 
    27     19921126130000     2.85    79.13    29.03   0.01201   0.00005     0.00     0.35     0.08    19.00     1.45     0.64 
    28     19921126145300     4.31    68.79    29.07   0.01011   0.00005     0.00     0.34     0.00    19.00     1.53     0.65 
    29     19921126154500     4.65    73.66    28.97   0.01220   0.00005     0.00     0.34     0.00    19.00     1.45     0.67 
    30     19921126163600     4.71    76.52    28.96   0.01295   0.00006     0.00     0.33     0.00    19.00     1.42     0.67 
    31     19921126172700     3.44    66.79    28.93   0.00878   0.00005     0.00     0.34     0.00    19.00     1.60     0.63 
    32     19921126181900     2.76    56.10    28.91   0.00551   0.00004     0.00     0.35     0.00    19.00     1.77     0.59 
    33     19921126191000     2.37    41.61    28.93   0.00235   0.00003     0.00     0.34     0.00    19.00     2.02     0.54 
    34     19921126200100     1.85    34.44    28.96   0.00146   0.00002     0.00     0.31     0.00    19.00     2.15     0.51 
    35     19921126213400     1.73    34.45    29.04   0.00122   0.00002     0.00     0.25     0.00    19.00     2.30     0.50 
    36     19921126222600     6.92    65.06    29.11   0.00691   0.00006     0.00     0.27     0.00    19.00     1.75     0.70 
    37     19921126231700    39.80   180.58    29.05   0.09219   0.00021    21.14     0.26     0.00    19.00     0.62     1.16 
    38     19921127000900    29.30   167.18    29.04   0.06222   0.00018     0.00     0.29     0.00    19.00     0.74     1.07 
    39     19921127010000    19.02   154.75    29.03   0.04653   0.00014     0.00     0.30     0.00    19.00     0.85     0.96 
    40     19921127015100    14.98   132.50    29.03   0.03152   0.00012     0.00     0.30     0.00    19.00     1.01     0.90 
    41     19921127024300    13.70   126.85    29.05   0.02768   0.00011     0.00     0.31     0.00    19.00     1.06     0.88 
    42     19921127033400    16.14   130.45    28.97   0.03692   0.00012     0.00     0.28     0.00    19.00     0.94     0.91 
    43     19921127042500    36.00   159.63    28.96   0.06906   0.00019    40.88     0.27     0.00    19.00     0.71     1.12 
    44     19921127051700    33.04   154.17    28.92   0.04687   0.00018     7.57     0.31     0.00    19.00     0.84     1.09 
    45     19921127060800    57.13   233.08    28.97   0.15338   0.00029     7.16     0.27     0.00    19.00     0.48     1.29 
    46     19921127070000    31.72   142.26    28.89   0.03905   0.00017     0.00     0.33     0.00    19.00     0.91     1.07 
    47     19921127075100    18.80   132.50    28.85   0.02611   0.00013     0.00     0.37     0.00    19.00     1.08     0.94 
    48     19921127084200    12.26   124.34    28.77   0.01922   0.00010     0.00     0.39     0.00    19.00     1.21     0.86 
    49     19921127093400     8.02   113.74    28.75   0.01523   0.00009     0.00     0.40     0.00    19.00     1.32     0.78 
    50     19921127102500     7.08   125.51    28.76   0.02049   0.00009     0.00     0.38     0.00    19.00     1.19     0.78 
    51     19921127113200     8.76   137.15    28.81   0.03321   0.00010     0.00     0.33     0.00    19.00     0.98     0.82 
    52     19921127122600     9.08   146.00    28.82   0.04636   0.00011     0.00     0.30     0.00    19.00     0.85     0.84 
    53     19921127134800     8.47   110.29    28.80   0.03154   0.00009     0.00     0.31     0.00    19.00     1.01     0.79 
    54     19921127143900     8.06   112.71    28.80   0.03540   0.00009     0.00     0.30     0.00    19.00     0.96     0.78 
    55     19921127160400     7.73   128.27    28.83   0.03832   0.00009     0.00     0.30     0.00    19.00     0.93     0.80 
    56     19921127170000     6.62   110.52    28.82   0.02537   0.00008     0.00     0.32     0.00    19.00     1.11     0.76 
    57     19921127175200     5.72    98.35    28.79   0.01907   0.00007     0.00     0.33     0.00    19.00     1.24     0.73 
    58     19921127184300     4.75    84.92    28.76   0.01305   0.00006     0.00     0.36     0.00    19.00     1.41     0.69 
    59     19921127193500     3.57    78.83    28.78   0.01143   0.00005     0.00     0.34     0.00    19.00     1.48     0.65 
    60     19921127202600     2.92    62.33    28.80   0.00653   0.00004     0.00     0.32     0.00    19.00     1.74     0.61 
    61     19921127211700     3.61    61.11    28.91   0.00562   0.00004     0.00     0.32     0.11     1.41     1.80     0.62 
    62     19921127220900     4.41    60.04    29.12   0.00436   0.00005     0.00     0.30     0.29     1.55     1.90     0.64 
    63     19921127230000     6.35    60.50    29.43   0.00368   0.00005     0.00     0.27     0.56     1.53     1.99     0.68 
    64     19921127235200     6.83    59.78    29.77   0.00264   0.00005     0.00     0.28     0.89     1.50     2.05     0.69 
    65     19921128004300     8.10    65.44    30.11   0.00271   0.00006     0.00     0.29     1.26     1.45     2.01     0.72 
    66     19921128022100    10.67    84.94    30.69   0.00437   0.00008     0.00     0.35     1.87     1.46     1.80     0.79 
    67     19921128042600     7.08    74.69    30.73   0.00304   0.00006     0.00     0.37     1.83     1.82     1.88     0.72 
    68     19921128043600     6.86    81.85    30.89   0.00341   0.00007     0.00     0.41     1.83     1.83     1.81     0.72 
    69     19921128052800     3.79    59.30    30.51   0.00163   0.00004     0.00     0.38     1.67     2.00     1.97     0.62 
    70     19921128061900     3.59    54.09    30.57   0.00113   0.00004     0.00     0.40     1.52     2.13     1.98     0.61 
    71     19921128075200     3.65    60.72    30.07   0.00283   0.00004     0.00     0.40     1.20     2.43     1.89     0.62 
    72     19921128084300     2.96    53.55    29.94   0.00214   0.00004     0.00     0.38     1.02     2.66     1.96     0.59 
    73     19921128093500     5.87    87.49    29.79   0.00979   0.00007     0.00     0.39     0.88     2.87     1.51     0.71 
    74     19921128102600     3.57    72.05    29.62   0.00523   0.00005     0.00     0.38     0.65     3.55     1.75     0.64 
    75     19921128111800     1.69    49.10    29.40   0.00205   0.00003     0.00     0.36     0.52     4.04     2.00     0.54 
    76     19921128120900     6.10    76.78    29.39   0.01102   0.00006     0.00     0.36     0.45     4.33     1.48     0.70 
    77     19921128130100     5.70    70.70    29.50   0.00735   0.00006     0.00     0.38     0.32     5.32     1.63     0.69 
    78     19921128135200     3.14    55.69    29.18   0.00425   0.00004     0.00     0.38     0.00    19.00     1.83     0.60 
    79     19921128144400     2.05    48.12    28.93   0.00336   0.00003     0.00     0.36     0.00    19.00     1.92     0.55 
    80     19921128153500     2.35    59.24    28.89   0.00550   0.00004     0.00     0.37     0.00    19.00     1.76     0.58 
    81     19921128162600     3.00    66.79    28.89   0.00708   0.00005     0.00     0.37     0.00    19.00     1.67     0.62 
    82     19921128171800     2.81    64.23    28.83   0.00757   0.00004     0.00     0.36     0.00    19.00     1.65     0.61 
    83     19921128180900     2.28    55.70    28.78   0.00546   0.00004     0.00     0.35     0.00    19.00     1.78     0.57 
    84     19921128190100     2.77    66.21    28.82   0.00758   0.00004     0.00     0.36     0.00    19.00     1.65     0.61 
    85     19921128195200     2.28    62.67    28.82   0.00697   0.00004     0.00     0.35     0.00    19.00     1.69     0.59 
    86     19921128204400     1.91    54.81    28.83   0.00414   0.00004     0.00     0.34     0.00    19.00     1.89     0.56 
    87     19921128213500     3.20    65.35    29.11   0.00561   0.00005     0.00     0.29     0.00    19.00     1.82     0.62 
    88     19921128222600     6.80    52.92    29.50   0.00296   0.00005     0.00     0.26     0.24     0.98     2.07     0.68 
    89     19921128231800     7.39    54.85    29.84   0.00265   0.00005     0.00     0.25     0.57     0.98     2.10     0.70 
    90     19921129000900     7.99    51.89    30.35   0.00101   0.00005     0.00     0.26     1.03     0.96     2.21     0.70 
    91     19921129010100    12.45   104.23    30.40   0.01041   0.00009     0.00     0.34     1.25     1.01     1.50     0.84 
    92     19921129015200    10.89    99.19    30.08   0.00964   0.00009     0.00     0.34     1.01     1.59     1.53     0.81 
    93     19921129024400     5.89    72.40    29.94   0.00494   0.00006     0.00     0.30     0.83     2.14     1.84     0.69 
    94     19921129033500     5.55    84.91    29.98   0.00688   0.00006     0.00     0.34     0.95     2.24     1.68     0.70 
    95     19921129042600     3.76    87.81    29.81   0.00838   0.00006     0.00     0.35     0.93     2.53     1.60     0.67 
    96     19921129051800     2.83    75.27    29.66   0.00660   0.00005     0.00     0.33     0.76     3.03     1.72     0.63 
    97     19921129060900     4.88    62.21    29.64   0.00441   0.00005     0.00     0.30     0.62     3.50     1.90     0.65 
    98     19921129070100    17.63   117.80    29.44   0.01967   0.00012    29.97     0.33     0.52     3.90     1.21     0.92 
    99     19921129075200    17.09    92.72    29.39   0.00766   0.00010    34.36     0.38     0.31     5.50     1.60     0.89 
   100     19921129091700     7.02    80.75    29.07   0.00754   0.00007     0.00     0.40     0.16     7.58     1.61     0.73 
   101     19921129100800     4.66    93.10    29.06   0.01707   0.00007     0.00     0.34     0.11     9.06     1.28     0.70 
   102     19921129110000     2.99    77.07    28.93   0.01345   0.00005     0.00     0.33     0.06    12.22     1.40     0.64 
   103     19921129115500     2.36    64.89    28.90   0.00863   0.00004     0.00     0.34     0.03    16.50     1.61     0.60 
   104     19921129124700     2.62    65.99    28.84   0.00927   0.00004     0.00     0.34     0.01    19.00     1.57     0.61 
   105     19921129133800     3.48    62.36    29.03   0.00659   0.00004     0.00     0.37     0.00    19.00     1.69     0.62 
   106     19921129142900     3.47    62.31    29.03   0.00658   0.00004     0.00     0.37     0.00    19.00     1.69     0.62 
   107     19921129153100     4.85    72.96    29.25   0.00840   0.00005     0.00     0.38     0.00    19.00     1.59     0.67 
   108     19921129163800     5.43    86.83    29.21   0.01241   0.00006     0.00     0.36     0.00    19.00     1.42     0.70 
   109     19921129173000     6.19    91.31    29.15   0.01559   0.00007     0.00     0.34     0.00    19.00     1.33     0.73 
   110     19921129182100     4.84    85.69    29.08   0.01306   0.00006     0.00     0.34     0.00    19.00     1.41     0.69 
   111     19921129191300     4.60    81.55    29.08   0.01158   0.00006     0.00     0.34     0.00    19.00     1.47     0.68 
   112     19921129200400     5.83    86.29    29.03   0.01393   0.00006     0.00     0.32     0.00    19.00     1.39     0.71 
   113     19921129205500     3.78    80.81    29.02   0.01146   0.00006     0.00     0.33     0.00    19.00     1.48     0.66 
   114     19921129214700     4.35    73.93    29.14   0.00835   0.00005     0.00     0.32     0.11     2.06     1.63     0.66 
   115     19921129223800     5.74    78.64    29.33   0.00851   0.00006     0.00     0.31     0.28     2.19     1.62     0.70 
   116     19921129233000     6.93    83.43    29.47   0.00864   0.00007     0.00     0.30     0.47     2.34     1.62     0.73 
